0 3   2 3   0 1   1 3   0 2


0 3   2 3   0 1   1 3   0 2   0 0   1 1   3 3   2 3   2 3   0 0   0 0


0 1   0 2   0 3   1 3   1 4   2 5   2 9   3 6   4 7   4 8   5 8   5 9   6 7   6 9   7 8


4 1   7 9   6 2   7 3   5 0   0 2   0 8   1 6   3 9   6 3   2 8   1 5   9 8   4 5   4 7



    |  0  1  2  3  4  5  6  7  8  9 10
--------------------------------------
  0 |  0  1  1  0  0  1  0  0  0  0  0
  1 |  1  0  1  1  1  0  0  0  0  0  0
  2 |  1  1  0  1  1  0  0  0  0  0  0
  3 |  0  1  1  0  1  0  0  1  0  0  0
  4 |  0  1  1  1  0  1  1  0  0  0  0
  5 |  1  0  0  0  1  0  0  0  1  0  0
  6 |  0  0  0  0  1  0  0  1  1  1  1
  7 |  0  0  0  1  0  0  1  0  1  1  1
  8 |  0  0  0  0  0  1  1  1  0  1  1
  9 |  0  0  0  0  0  0  1  1  1  0  1
 10 |  0  0  0  0  0  0  1  1  1  1  0

0 1   0 2   0 5   1 2   1 3   1 4   2 3   2 4   3 4   3 7   4 5   4 6   5 8   6 7   6 8   6 9   6 10   7 8   7 9   7 10   8 9   8 10   9 10


0 1   0 2   1 2   1 3   1 4   2 3   2 4   3 4


3 7   1 4   7 8   0 5   5 2   3 8   2 9   0 6   4 9   2 6   6 4


0 1   0 2   0 5   0 6   1 2   2 3   2 4   3 4   4 5   4 6


0 1   0 3   1 2   1 4   1 5   2 5   3 4   3 6   3 9   4 5   4 7   5 8   6 7   7 8   7 9


0 2   0 5   0 7   1 7   2 6   3 4   3 5   4 5   4 6   4 7


di:

0 1   0 5   0 6   2 0   2 3   3 2   3 5   4 3   4 2   4 11   5 4   6 4   6 9   7 6   7 8   8 7   8 9   9 10   9 11   10 12   11 12   12 9


2 4   4 5   5 2   3 2   4 1   5 0


0 1   0 2   0 3   1 2   2 4   3 4

